Word len                      Lev(M)                        Lev(R)                        DamLev(M)                     DamLev(R)                     
0                             0.000009                      0.000002                      0.000001                      0.000001                      
1                             0.000005                      0.000006                      0.000001                      0.000002                      
2                             0.000005                      0.000016                      0.000002                      0.000006                      
3                             0.000006                      0.000046                      0.000003                      0.000026                      
4                             0.000008                      0.000222                      0.000004                      0.000125                      
5                             0.000010                      0.001083                      0.000005                      0.000664                      
6                             0.000012                      0.005265                      0.000006                      0.002999                      
7                             0.000013                      0.021557                      0.000008                      0.012291                      


9e-06,5e-06,5e-06,6e-06,8e-06,1e-05,1.2e-05,1.3e-05
2e-06,6e-06,1.6e-05,4.6e-05,0.000222,0.001083,0.005265,0.021557
1e-06,1e-06,2e-06,3e-06,4e-06,5e-06,6e-06,8e-06
1e-06,2e-06,6e-06,2.6e-05,0.000125,0.000664,0.002999,0.012291
